2427
2426
2427
2426
2426
2091
2091
2091
2091
2091
2556
2558
2558
2557
2556
2916
2916
2916
2916
2916
4651
4651
4651
4651
4652
2092
2091
2091
2091
2091
4771
4771
4771
4771
4771
956
956
956
956
956
1721
1722
1721
1721
1721
2811
2811
2811
2811
2811
1856
1856
1856
1856
1857
1066
1066
1066
1066
1066
3597
3596
3596
3597
3597
2096
2097
2096
2096
2096
1857
1856
1856
1856
1856
2091
2091
2092
2091
2091
2092
2091
2092
2091
2091
1281
1281
1282
1281
1281
3001
3001
3001
3001
3001
4210
4207
4206
4210
4208
4836
4836
4836
4836
4836
1281
1283
1281
1282
1281
1741
1742
1742
1741
1742
3171
3171
3171
3171
3171
4871
4871
4871
4871
4871
3171
3172
3172
3171
3171
3856
3856
3856
3856
3857
1651
1652
1651
1651
1651
4836
4836
4836
4836
4838
2969
2966
2966
2966
2966
4836
4840
4836
4838
4836
2427
2426
2427
2426
2426
3396
3396
3396
3398
3396
2766
2766
2766
2766
2766
1797
1796
1796
1796
1796
3001
3001
3001
3001
3002
1742
1742
1742
1742
1741
3131
3132
3131
3131
3131
1721
1721
1721
1721
1721
2426
2427
2428
2426
2426
2766
2768
2766
2766
2766
2766
2766
2766
2766
2766
1721
1721
1721
1722
1721
4774
4772
4774
4771
4774
958
956
956
957
957
1386
1386
1386
1387
1386
4901
4903
4901
4902
4901
2576
2576
2579
2576
2576
1816
1816
1816
1816
1816
1721
1721
1721
1722
1722
871
871
871
871
871
4306
4306
4310
4308
4308
1742
1741
1741
1741
1741
2731
2731
2731
2731
2731
2091
2091
2091
2091
2091
4836
4836
4836
4836
4836
4276
4276
4276
4276
4276
651
651
651
651
651
2427
2426
2426
2427
2427
4771
4771
4772
4771
4771
3001
3002
3001
3001
3001
4262
4261
4261
4261
4261
4772
4771
4771
4771
4771
1511
1512
1511
1511
1511
1741
1741
1741
1741
1742
4276
4276
4276
4276
4276
1721
1721
1721
1721
1721
1511
1511
1512
1514
1511
1721
1723
1721
1723
1721
4901
4901
4902
4901
4901
2127
2126
2126
2126
2126
421
422
422
422
421
1081
1082
1082
1081
1081
1721
1721
1721
1721
1721
4373
4371
4373
4371
4371
1816
1816
1816
1816
1816
1721
1722
1721
1722
1722
1721
1721
1721
1721
1722
1722
1721
1722
1723
1722
776
778
776
776
776
1681
1681
1681
1681
1681
4586
4586
4586
4586
4587
3399
3396
3396
3396
3396
2426
2426
2426
2426
2426
2426
1081
1081
1082
1081
1081
1511
1512
1511
1512
1512
1026
1026
1026
1026
1026
3171
3171
3171
3171
3171
1741
1741
1742
1741
1741
4496
4496
4496
4496
4496
4774
4771
4774
4771
4771
1721
1721
1721
1722
1721
4756
4756
4756
4756
4756
2091
2091
2092
2093
2092
1721
1721
1721
1721
1721
2767
2766
2766
2766
2766
1067
1066
1066
1066
1066
1071
1071
1071
1072
1071
1512
1515
1511
1511
1511
2720
210
2716
210
2716
2091
2091
2092
2091
2092
1741
1741
1741
1741
1741
1511
1513
1512
1511
1512
2596
2596
2597
2597
2597
2091
2091
2091
2091
2091
4771
4771
4771
4771
4771
1066
1066
1066
1066
1067
4771
4771
4771
4771
4772
1721
1721
1721
1721
1721
3001
3001
3001
3001
3001
3001
3001
3001
3001
3001
3171
3172
3171
3171
3171
3173
3171
3171
3171
3171
3171
3173
3172
3171
3171
1391
1391
1392
1391
1391
3001
3001
3001
3001
3002
335
336
335
335
335
3396
3396
3396
3396
3396
2716
2717
2716
2716
2717
1721
1721
1722
1721
1721
1706
1706
1706
1706
1706
1723
1721
1722
1722
1721
2091
2091
2091
2092
2091
2092
4901
4901
4901
4901
2097
2097
2097
2096
2097
4276
4276
4276
4276
4276
461
462
462
462
462
3506
3508
3508
3508
3506
1751
1751
1751
1752
1751
2091
2091
2091
2091
2091
2091
2091
2092
2092
2091
3311
3311
3311
3312
3311
225
225
226
225
227
2091
2091
2091
2091
2091
2091
2091
2091
2091
2091
1066
1067
1066
1067
1066
3396
3396
3396
3396
3396
1791
1791
1791
1791
1791
1761
1761
1761
1761
1761
3396
3396
3399
3396
3396
4276
4276
4276
4276
4276
3946
3946
3946
3946
3946
2766
2766
2766
2766
2766
4696
4696
4697
4696
4696
2096
2096
2096
2096
2096
1721
1721
1721
1721
1721
2766
2766
2766
2766
2766
781
781
781
781
781
2766
2766
2766
2766
2766
1721
1721
1723
1721
1721
4721
4722
4722
4721
4721
1066
1066
1066
1066
1067
4201
4201
4201
4201
4201
1721
1722
1722
1721
1721
3002
3001
3001
3001
3001
3001
3001
3001
3001
3003
2011
2011
2011
2011
2011
3003
3001
3002
3001
3001
1721
1722
1721
1721
1721
1591
1591
1592
1591
1591
2426
2427
2426
2427
2426
421
421
421
421
421
155
155
155
155
155
2966
2966
2966
2966
2966
1721
1721
1721
1722
1721
1593
1591
1591
1591
1591
1816
1816
1816
1816
1816
3001
3001
3001
3001
3001
2091
2091
2092
2091
2091
1591
1591
1591
1592
1592
2767
2766
2766
2766
2766
2552
2551
2551
2552
2551
1826
1829
1826
1826
1826
4491
4491
4492
4491
4492
1722
1721
1721
1722
1721
1591
1591
1591
1591
1591
1276
1276
1277
1278
1276
3196
3196
3197
3196
3196
421
421
421
421
421
1026
1026
1026
1026
1026
2097
2096
2096
2096
2096
2476
2476
2476
2476
2476
3001
3002
3003
3001
3001
2096
2096
2096
2096
2096
1281
1281
1281
1281
1282
3156
3156
3156
3157
3156
2811
2812
2811
2811
2811
1281
1281
1281
1281
1281
1721
1721
1721
1721
1721
1071
1067
1066
1067
1067
2091
2091
2091
2091
2091
221
221
220
220
220
1066
1066
1066
1067
1066
2096
2096
2096
2096
2096
1081
1081
1081
1081
1082
1066
1067
1067
1066
1066
2766
2766
2766
2766
2766
4903
4901
4901
4901
4901
2966
2966
2969
2966
2966
3001
3002
3001
3002
3001
3327
2567
2566
2567
2566
4276
4276
4276
4276
4276
2321
2321
2321
2321
2321
2966
2969
2966
4772
2966
2427
2427
2426
2426
2426
1391
1392
1392
1391
1391
4775
4771
4771
4771
4771
4771
4771
4771
4775
4772
1891
1891
1891
1892
1891
1721
1721
1721
1721
1721
1856
1859
1856
1856
1857
4772
4771
4771
4771
4771
1721
1721
1721
1721
1721
4758
4756
4758
4757
4757
4756
4757
4757
4757
4756
1741
1741
1741
1741
1742
3001
3002
3001
3001
3001
1721
1721
1721
1721
1721
1721
1721
1721
1722
1722
1721
1721
1721
1721
1724
1721
1721
1721
1721
1722
4231
4231
4231
4231
4234
4697
4696
4696
4696
4696
295
295
295
295
295
1751
1751
1751
1751
1751
2116
2116
2116
2117
2116
2096
2096
2096
2096
2096
2092
2091
2091
2092
2091
2816
2817
2816
2817
2816
2117
2116
2116
2116
2116
2236
2236
2236
2237
2236
4276
4276
4276
4276
4276
315
315
315
315
315
2766
2766
2766
2766
2766
315
315
315
315
315
2091
2091
2092
2091
2092
2766
2766
2766
2766
2766
4772
4771
4771
4772
4771
1817
1816
1816
1816
1820
1512
1511
1511
1511
1511
3001
3001
3002
3001
3001
2091
2092
2092
2091
2092
2092
2092
2092
2092
2091
2116
2116
2116
2116
2116
4276
4278
4276
4276
4276
1857
1857
1857
1857
1856
1281
1281
1282
1281
1282
3001
3001
3001
3001
3001
4826
4826
4826
4826
4826
1856
1856
1857
1857
1856
3171
3174
3171
3171
3171
1721
1721
1723
1721
1721
1751
1753
1751
1752
1751
1066
1066
1066
1067
1067
3001
3001
3001
3001
3001
2716
2716
2718
2717
2716
2091
2091
2091
2091
2093
1767
1769
1766
1766
1766
1586
1586
1587
1587
1587
4392
4391
4391
2766
4392
391
390
390
391
390
2091
2091
2092
2092
2092
778
776
776
776
776
1856
1856
1856
1856
1856
776
776
776
776
779
4771
4771
4771
4772
4774
4698
4696
4696
4697
4696
4771
4771
4771
4771
4771
4771
4771
4771
4771
4771
1856
1858
1858
1857
1856
1721
1722
1723
1721
4722
1556
1557
1556
1556
1556
2970
2966
2970
2966
2969
1766
158
155
155
155
4276
4276
4276
4276
4276
2916
2916
2917
2916
2916
1511
1511
1511
1511
1512
225
225
226
225
227
4756
4756
4756
4756
4756
4891
4891
4892
4891
4892
4892
4892
4892
4892
4891
2476
2477
2477
2477
2476
1721
1721
1721
1721
1721
4516
4516
4516
4518
4518
4772
4772
4771
4771
4774
1651
1651
1651
1651
1651
1721
1721
1721
1721
1723
2922
2921
2923
2921
2922
1816
1816
1816
851
1816
1721
1721
1721
1722
1721
3001
3002
3002
3001
3001
4772
4771
4772
4771
4771
1816
1816
1816
1816
1816
2096
2096
2096
2096
2096
210
210
210
210
210
2476
2477
2477
2476
2476
1721
1722
1721
1721
1721
3001
3001
3001
3001
3002
2816
2817
2816
2816
2817
2766
2766
2766
2766
2766
2746
2746
2746
2746
2747
1381
1381
1381
1381
1382
335
335
335
335
335
4491
4491
4492
4491
4491
2096
2096
2096
2096
2097
4198
4197
4197
4197
4197
2966
2966
2966
2966
2966
3316
3319
3316
3317
3316
1721
1721
1721
1721
1723
1386
1386
1386
1386
1386
4901
4901
4903
4901
4901
1386
1386
1387
1387
1386
1801
2391
1801
1801
1801
4791
4793
4792
4793
4791
315
315
315
315
315
4299
4297
4299
4296
4296
1282
1282
1282
1281
1281
4904
4901
4903
4901
4901
2601
2602
2601
2601
2603
1001
1001
1002
1001
1001
1721
1721
1721
1721
1721
1941
1941
1941
1942
1941
1322
1322
1322
1322
1321
2966
2966
2966
2966
2966
1797
1796
1798
1796
1798
4773
4771
4771
4771
4771
4771
4771
4771
4771
4771
1817
1816
1816
1816
1816
1816
1816
1816
1816
1816
3002
3001
3001
3001
3001
4486
4487
4486
4487
4487
1751
1751
1751
1751
1751
1751
1751
1751
1751
1752
3002
3001
3001
3001
3001
4171
4175
4171
4171
4171
1061
1061
1061
1061
1061
2351
2351
2351
2351
2352
3001
3002
3001
3001
3001
1721
1721
1721
1721
1722
3346
3346
3346
3346
3346
1722
1722
1721
1722
1721
296
295
296
295
295
2236
2236
2236
2236
2236
1511
1512
1511
1512
1512
2996
2996
2996
2999
2996
2091
2091
2091
2091
2091
3001
3001
3002
3001
3001
4371
4372
4371
4374
4371
2861
2862
2861
2861
2861
2091
2092
2091
2091
2091
4156
4156
4156
4156
4156
2091
2091
2091
2091
2091
3696
3696
3696
3696
3696
2426
2427
2426
2427
2426
2126
2126
2126
2127
2126
3897
3896
3896
3897
3896
1856
1856
1857
1856
1856
2766
2766
2766
2766
2766
1681
1681
1683
1681
1681
1512
1512
1511
1511
1512
1561
1563
1563
1563
1561
1741
1944
1942
1944
1941
2766
2766
2766
2766
2766
2851
2854
2852
2851
2852
2091
2092
2094
2092
2091
2766
2766
2766
2766
2766
2766
2766
2766
2766
2766
345
345
345
345
345
1721
1721
1721
1721
1721
4501
4503
4503
4501
4503
3001
3001
3001
3001
3002
4371
4371
4372
4371
4371
491
491
491
491
491
2861
2862
2861
2861
2861
1936
1936
1938
1936
1936
1721
1721
1721
1721
1722
3133
3131
3135
3133
3131
1856
1856
1856
1856
1856
4756
4757
4756
4756
4756
3001
3002
3001
3001
3001
1957
2091
2091
2091
2091
3598
1721
3598
3596
3596
3531
3531
3531
3531
3531
2811
2812
2811
2811
2811
1767
1766
1767
1767
1767
2093
2091
2091
2091
2092
1856
1856
1856
1856
1856
457
456
456
459
456
4826
4826
4775
4774
4772
2091
2091
2092
2091
2091
1944
1942
1944
1944
1586
3781
3782
3781
3781
3784
4902
4901
4901
4901
4901
1621
1621
1621
1621
1621
3346
3346
3346
3346
3346
235
235
237
235
235
4171
4171
4171
4171
4171
1761
1762
1763
1762
1761
1856
1856
1856
1857
1856
4276
4276
4276
4276
4276
4276
4276
4276
4276
4276
3598
3596
3600
3599
3596
781
781
781
781
781
2966
2966
2966
2966
2966
1721
1721
1721
1722
1721
346
345
345
345
345
4771
4771
4771
4771
4773
1281
1283
1281
1281
1282
2321
2321
2321
2321
2321
2286
2286
2286
2286
2286
4773
4773
4772
4771
4772
3522
3521
3523
3521
3521
4724
4722
4722
4722
4722
1071
1071
1071
1071
1071
3526
3526
1061
1064
3526
4774
4773
4771
4771
4771
4774
4771
4773
4772
4771
4121
4121
4121
4123
4121
3756
3756
3756
3756
3756
3523
3521
3522
3523
3521
3531
3531
3531
3531
3531
1721
1721
1722
1721
1722
2969
2966
2969
2966
2969
4771
4771
4771
4771
4771
4321
4321
4321
4321
4324
1683
1681
1681
1681
1685
3003
3001
3003
3003
3003
2966
2966
2966
2966
2966
2966
2966
2966
2969
2969
4516
4516
4518
4516
4518
3756
3756
3756
3756
3756
4821
4822
4821
4821
4821
4771
4771
4771
4771
4771
3889
3886
3886
3887
3886
2557
2557
2557
2556
2557
1591
1591
1591
1592
1591
3131
3131
3131
3131
3131
3131
3131
3131
3131
3131
1651
1651
1651
1652
1651
2427
2427
2427
2427
2426
3133
3131
3131
3131
3131
4276
4276
4276
4276
4276
3001
3001
3001
3001
3001
4756
4756
4756
4756
4756
4901
4901
4902
4901
4901
3002
3001
3002
3001
3001
1816
1816
1816
3462
1820
1721
1721
1721
1721
1721
4902
4901
4901
4901
4901
3426
3428
3426
3427
3426
1681
1681
1681
1682
1681
4774
4771
4771
4771
4772
2765
2761
2761
2761
2761
1001
1001
1001
1002
1002
2766
2766
2766
2766
2766
1621
1621
1621
1621
1621
3856
3856
3856
3857
3856
2427
2426
2426
2426
2426
4901
4901
4902
4901
4901
2996
2996
2996
2996
2996
4851
4851
4851
4851
4851
2466
2467
2470
2467
2466
2721
2721
2721
2721
2721
46
45
45
45
46
1026
1026
1026
1026
1026
3001
3001
3001
3001
3001
4756
4757
4756
4756
4756
3523
3521
3521
3521
3521
2157
2156
2156
2156
2156
2092
2091
2091
2091
2092
1681
1681
1682
1681
1682
2577
2576
2576
2576
2576
2091
2091
2091
2091
2091
1761
1761
1763
1763
1761
2092
2091
2092
2091
2091
3001
3001
3001
3001
3001
2748
2747
2746
2746
2746
1856
1856
1856
1859
1856
1511
1511
1511
1512
1511
2882
2882
2882
2882
2881
781
781
781
781
781
1721
1723
1722
1721
1723
1067
1066
1066
1066
1066
1721
1721
1721
1721
1721
1511
1511
1512
1514
1511
4171
4171
4171
4171
4171
781
781
781
781
781
1741
1741
1741
1742
1742
2322
2321
2321
2321
2322
4771
4775
4772
4775
4771
2717
2716
2717
4192
2716
3127
3126
3126
3127
3127
2721
2721
2721
2721
2721
1681
1683
1682
1683
1683
2766
2766
2766
2766
2766
2766
2766
2766
2766
2766
2321
2321
2321
2321
2321
1722
1721
1721
1721
1721
4771
4771
4774
4771
4771
4758
4757
4756
4756
4756
2766
2766
2766
2766
2766
1856
1856
1858
1856
1856
2091
2091
2091
2091
2091
3314
3312
3314
3311
3311
1067
1066
1066
1066
1066
3001
3001
3001
3001
3001
1721
1721
1721
1721
1721
2091
2091
2093
2092
2091
2766
2766
2766
2766
2766
2656
2656
2656
2656
2656
4726
4726
4726
4727
4726
2721
2721
2721
2721
2721
1856
1856
1857
1856
1856
1282
1281
1282
1281
1282
346
345
345
345
346
3526
3529
3526
3526
3527
2476
2476
2477
2476
2476
2996
2996
2996
2996
2996
2477
2477
2477
1817
1816
3856
3856
3856
3856
3856
1856
1856
1858
1859
1856
1856
1856
1856
1856
1856
2766
2766
2766
2766
2766
2156
2156
2156
2157
2156
1721
1721
1723
1721
1721
3396
3397
3396
3396
3396
4276
4276
4276
4276
4276
2816
2816
2816
2816
2816
4756
4757
4758
4756
4756
4771
4771
4771
4771
4771
1383
1381
1382
1383
1381
3971
3971
3971
3971
3971
2236
2236
2236
2236
2236
1721
1721
1721
1721
1721
1511
1511
1511
1511
1511
3396
3396
3398
3396
3397
1816
1816
1816
1816
1816
1856
1856
1856
1856
1856
1001
1001
1002
1002
1001
2576
2576
2578
2576
2577
4836
4836
4836
4836
4836
1741
1741
1741
1741
1741
1721
1721
1721
1721
1721
1276
1276
1276
1279
1276
2311
2311
2311
2311
2312
1591
1591
1591
1591
1592
2511
2511
2511
2511
2511
4771
4775
4771
4773
4771
4276
4276
4276
4276
4276
1511
1511
1511
1511
1512
511
513
511
511
511
4491
1721
4491
4491
4491
3897
3897
3896
3897
3896
165
165
165
167
165
335
335
335
335
335
2096
2096
2096
2096
2096
4891
4891
4893
4891
4891
1751
1751
1751
1751
1751
2096
2096
2097
2096
2096
4306
4306
4306
4306
4306
1721
1721
1721
1721
1721
4902
4901
4902
4901
4903
1916
1917
1916
1917
1917
2096
2096
2097
2096
2096
3531
3531
3531
3531
3531
476
478
476
476
476
1396
1396
1396
1396
1396
4901
4903
4901
4901
4901
4901
4901
4901
4901
4901
3841
3841
3841
3841
3841
1816
1816
2763
1816
1816
2311
2311
2311
2311
2311
1741
1741
1741
1741
1741
2656
2656
2656
2657
2656
4902
4902
4903
4902
4903
1721
1721
1721
2391
1721
3756
3756
3756
3756
3756
1651
1651
1651
1651
1651
1721
1721
1721
1721
1721
2091
2091
2091
2091
2091
2091
2091
2091
2091
2091
2766
2766
2766
2766
2766
781
781
781
781
781
15
15
15
15
16
1281
1283
1284
1281
1281
1741
1744
1742
1741
1741
2091
2091
2091
2091
2091
1392
1391
1391
1392
1391
1751
1751
1751
1751
1751
2969
2966
2969
2966
3031
2766
2766
2766
2766
2766
2969
2969
2966
2970
2970
1816
1816
1816
166
165
2141
2141
2141
2141
2142
1721
1721
1721
1721
1721
3001
3001
3001
3001
3002
2091
2091
2092
2091
2092
3396
3396
3396
3396
3396
3521
3521
3521
3525
3521
1721
1721
1722
1721
1721
3601
3601
3601
3601
3601
1741
1741
1742
1741
1742
1762
1761
1761
1761
1761
4276
4276
4276
4276
4276
1721
1721
1725
1722
1721
1741
1741
1741
1742
1743
2996
2996
2996
2996
2996
2091
2091
2091
2091
2091
4061
4061
4063
4061
4065
2091
2091
2091
2091
2091
3597
3599
3596
3596
3599
3131
3131
3131
3131
3131
1546
1546
1546
1546
1546
2766
2766
2766
2766
2766
3396
3396
3396
3396
3396
1721
1721
1721
1721
1722
1722
1723
1721
1721
1721
2427
2426
2426
2427
2427
3533
3534
3533
3531
3531
1856
1856
1856
1856
1856
295
295
296
297
295
315
315
315
315
315
1721
1721
1721
1722
1721
2116
2117
2116
2116
2116
1761
1761
1761
1761
1762
2321
2321
2321
2321
2321
1859
1857
1856
1859
1859
1721
1721
1721
1721
1721
4771
4771
4771
4774
4771
4771
4771
4771
4771
4771
4771
4771
4771
4771
4772
3171
3173
3171
3171
3171
4491
4491
4491
4491
4491
1721
1721
1721
1721
1721
3156
3156
3156
3156
3157
4696
4696
4696
4696
4696
1081
1081
1081
1081
1081
2721
2721
2721
2721
2721
1721
1721
1721
1721
1721
2091
2092
2092
2091
2091
225
227
225
225
225
1066
1066
1066
1067
1068
4276
4276
4276
4276
4276
155
155
155
155
155
2969
2969
2966
2966
2966
2756
2756
2756
2757
2756
1066
1066
1067
1067
1066
1816
1816
1816
1816
3756
1820
1816
1816
1816
1817
1762
1762
1761
1761
1761
1531
1531
1531
1531
1531
2861
2861
2861
2861
2861
3131
3131
3131
3131
3131
1081
1081
1081
1081
1082
2766
2766
2766
2766
2766
2091
2092
2091
2092
2093
4771
4771
4771
4774
4771
4771
4771
4771
4771
4771
4276
4276
4277
4276
4277
2116
2116
2116
2117
2116
1066
1066
1066
1066
1066
4276
4276
4276
4276
4276
3887
3886
3886
3886
3886
4487
4487
4487
4486
4486
4826
4827
4826
4826
4826
1282
1281
1283
1282
1281
1461
1461
1462
1461
1462
1856
1856
1856
1858
1856
1856
1858
1856
1856
1856
3001
3001
3001
3001
3001
1721
1721
1721
1721
1721
1072
1073
1071
1072
1071
335
335
335
335
335
4491
4491
4491
4492
4492
1721
1721
1721
1722
1721
1381
1381
1381
1381
1381
3396
3396
3396
3396
3396
3396
3396
3396
3397
3396
2970
2970
2969
2970
2966
3071
3071
3071
3071
1511
2097
2096
2097
2096
2097
335
335
335
335
335
1722
1723
1721
1721
1722
335
335
335
335
335
1816
1816
1816
1816
4892
3598
3598
3596
3596
3596
4791
4791
4791
4791
4791
4491
4491
4491
4493
4491
2311
2311
2311
2312
2311
2311
2311
2311
2311
2312
2097
2096
2096
2096
2097
4901
4901
4903
4901
4901
1856
1856
1857
1857
1856
2816
2816
2816
2816
2817
3131
3131
3131
3131
3131
1071
1075
1071
1074
1074
2091
2091
2091
2091
2091
4371
4371
4373
4371
4371
4771
4773
4772
4774
4775
956
956
957
956
956
1067
1067
1067
1066
1066
3131
3131
3131
3131
3131
2096
2096
2096
2097
2096
2091
2092
2092
2091
2091
2097
2097
2096
2097
2097
2576
2576
2576
2576
2576
3171
3171
3171
3171
3171
1721
1721
1721
1722
1721
1816
1816
1816
1816
1816
3461
3462
3465
3461
3461
3756
3756
3756
3756
3757
2092
2091
2093
2091
2092
2882
2881
2882
2881
2881
4171
4171
4171
4171
4171
3416
3417
3416
3416
3418
3131
3131
3131
3131
3131
2116
2116
2116
2116
2116
1066
1066
1067
1066
1066
1721
1721
1721
1721
1721
1941
1941
1941
1942
1942
3001
3001
3001
3001
3001
3396
3396
3396
3397
3396
1751
1751
1752
1751
1751
1721
1721
1721
1721
1721
4901
4901
4901
4902
4901
2312
2312
2311
2311
2311
1281
1281
1281
1281
1281
1721
1721
1722
1721
1723
888
1638
1636
1636
1637
2558
1816
1816
1817
2558
2966
2966
2966
2970
2966
1066
1067
1066
1066
1066
4276
4276
4276
4276
4276
1082
1082
1082
1082
1082
4698
4696
4697
4697
4696
3856
3856
3856
3856
3856
1721
1722
1722
1722
1721
791
795
791
791
791
2091
2091
2091
2091
2092
4586
4586
4586
4587
4586
3396
3396
3396
3396
3396
1512
1512
1512
1511
1512
926
926
926
926
926
2093
2091
2091
2091
2091
1067
1066
1067
1067
1066
1936
1936
1936
1936
1936
4276
4276
4276
4276
4276
1651
1651
1652
1651
1651
1511
1511
1512
1511
1511
1721
1721
1721
1721
1721
1721
1721
1721
1721
1721
2091
2092
2091
2092
2091
4276
4276
4276
4276
4276
4276
4276
4276
4276
4276
4836
4836
4836
4836
4836
1856
1856
1856
1856
1856
1721
1721
1721
1721
1721
1721
1721
1722
1721
1722
4276
4276
4276
4276
4276
1266
1266
1267
1267
1266
2551
2551
2551
2551
2551
1856
1857
1856
1857
1856
105
105
105
105
105
1856
1856
1858
1857
1857
1066
1067
1066
1066
1066
1856
1856
1858
1856
1856
105
105
105
105
105
3311
3311
3311
3311
3313
2566
2568
2569
2566
2566
3396
3396
3396
3396
3397
4826
4826
4826
4826
4826
2861
2861
2862
2861
2861
1076
1076
1077
1077
1078
4747
4746
4746
4746
4746
1721
1722
1721
1721
1721
4771
4771
4771
4772
4772
2097
2096
2096
2096
2097
3312
3311
3311
3314
3311
1816
1816
1816
1816
1816
4903
4901
4903
4901
4901
1081
1081
1081
1081
1081
2716
2717
2716
2716
2716
2766
2766
2766
2766
2766
3003
3001
3001
3001
3001
4772
4774
4775
4771
4772
4276
4276
4276
4276
4276
4771
4771
4771
4771
4772
1856
1856
1856
1856
1857
1026
1026
1026
1026
1026
1801
1801
1801
1801
1801
3171
3171
3171
3171
3171
4276
4276
4276
4276
4276
2096
2096
2096
2097
2096
3426
3426
3426
3426
3430
2096
2097
2096
2096
2096
2092
2091
2093
2091
2091
3856
3856
3856
3856
3859
4276
4276
4276
4276
4276
4197
4197
4196
4196
4196
888
888
886
886
886
2426
2426
2426
2427
2427
210
210
210
210
210
4276
4276
4276
4276
4276
3856
3856
3856
3856
3856
3582
3582
3582
3581
3582
4501
4501
4501
4501
4501
4276
4276
4276
4276
4276
315
315
315
315
315
2506
2506
2506
2506
2507
4276
4276
4276
4276
4276
1721
1721
1722
1721
1721
4276
4276
4276
4276
4276
4276
4276
4277
4276
4278
2817
2816
2817
2817
2816
1592
1591
1592
1591
1593
2091
2091
2091
2091
2091
4276
4276
4276
4276
4276
4772
4771
4771
4771
4771
2951
2952
2951
2951
2951
4491
4491
4491
4491
4492
3001
3001
3001
3001
3001
2991
2991
2991
2991
2991
2096
2096
2097
2096
2096
2091
2091
2091
2091
2091
2091
2091
2091
2092
2091
2766
2766
2766
2766
2766
2311
2311
2311
2312
2312
4697
4697
4696
4696
4697
4771
4771
4771
4771
4774
2721
2721
2721
2721
2721
1817
1816
1816
1816
1816
1751
1751
1751
1751
1751
3131
3131
3131
3132
3131
1856
1856
1857
1856
1856
1391
1392
1391
1393
1391
1391
1391
1391
1391
1393
4771
4772
4773
3859
4771
1722
1721
1721
1721
1721
1721
1721
1721
1725
1722
456
456
456
459
456
761
764
761
761
761
4366
4366
4366
4366
4366
1511
1511
1513
1511
1511
1722
1721
1721
1721
1721
1761
1761
1763
1762
1763
1721
1721
1721
1721
1721
1081
1081
1081
1081
1082
1591
1591
1591
1591
1591
1281
1281
1281
1282
1281
4757
4756
4756
4756
4758
4276
4276
4276
4276
4276
2377
2376
2380
2376
2376
1026
1026
1026
1026
1026
1944
1944
1941
1942
1944
1546
1546
1546
1546
1546
4806
4807
4806
4806
4808
3196
3196
3196
3196
3196
2091
2091
2091
2091
2091
2766
2766
2766
2766
2766
2916
2916
2916
2916
2916
1722
1722
1721
1722
1721
3346
3346
3346
3346
3346
1722
1722
1721
1723
1723
2766
2766
2766
2766
2766
3346
3346
3346
3346
3346
1511
1511
1511
1511
1511
1511
1511
1511
1511
1511
3172
3171
3171
3173
3172
4171
4172
4172
4171
4171
2806
2808
2806
2806
2806
2766
2766
2766
2766
2766
1856
1856
1857
1856
1856
4946
4946
4947
4946
4946
2861
2861
2861
317
2861
1856
1856
1857
1856
1858
1722
1721
1721
1721
1721
315
315
317
316
316
1721
1721
1721
1721
1721
2091
2091
2091
2091
2091
1751
1752
1751
1751
1752
4991
4991
4991
4991
4991
1081
1082
1081
1081
1081
3156
3156
3158
3156
3156
2766
2766
2766
2766
2766
4276
4276
4276
4276
4278
235
235
236
235
235
4756
4756
4756
4756
4756
2091
2091
2091
2091
2092
2477
2477
2477
2476
2476
3326
3327
3327
3327
3327
3131
3131
3131
3131
3131
1857
1856
1856
1856
1859
2477
2476
2477
2476
2476
761
761
761
761
761
1066
1067
1066
1066
1067
1766
1768
1766
1766
1766
2811
2811
2811
2811
2811
1651
1651
1651
1651
1651
2756
2756
2758
2758
2756
3156
3157
3157
3156
3156
105
105
106
105
106
1742
1741
1741
1741
1741
4871
4871
4871
4871
4871
2916
2917
2916
2916
2917
4771
4771
4772
4771
4771
4774
4771
2966
4771
4772
1856
1856
1856
1856
1857
2766
2766
2766
2766
2766
1856
1856
1856
1856
1856
761
761
761
761
761
29
25
25
25
25
1751
1751
1751
1751
1752
947
947
948
946
946
1512
1512
1512
1511
1511
2097
3856
3856
3856
3856
4836
4839
4836
4837
4836
4776
4776
4776
4776
4776
3696
3696
3696
3696
3696
3001
3001
3001
3001
3001
2576
2576
2576
2576
2577
4276
4276
4276
4276
4276
2927
2927
2926
2927
2926
4276
4276
4276
4276
4276
4276
4276
4276
4276
4276
2477
2477
2477
2477
2477
4771
4771
4771
4772
4771
1721
1721
1721
1721
1721
4901
4901
4901
4902
4901
77
75
76
75
75
2096
2096
2096
2096
2096
20
22
20
20
20
4276
4276
4276
4276
4276
2097
2096
2096
2096
2096
2097
2097
2096
2096
2097
3001
3003
3002
3001
3002
2091
2091
2092
2093
2091
3001
3001
3001
3001
3001
3756
3756
3756
3756
3756
200
200
200
200
200
492
491
491
491
493
2966
2970
2966
2966
2966
476
476
476
476
476
1861
1861
1861
1861
1861
2321
2321
2321
2321
2321
2091
2091
2092
2091
2091
2551
2551
2551
2551
2551
1068
1066
1066
1066
1066
4276
4276
4276
4276
4276
315
315
315
315
315
1281
1281
1281
1281
1282
4771
4771
4771
4771
4771
4771
4772
4774
4771
4771
1281
1281
1282
1281
1281
1276
1276
1276
1276
1276
4756
4756
4756
4756
4756
1856
1857
1856
1856
1856
2091
2092
2091
2091
2092
3001
3002
3001
3001
3001
390
390
390
391
390
2811
2811
2811
2811
2811
2427
2426
2427
2427
2427
4276
4276
4276
4276
4276
1741
1741
1741
1741
1742
1751
1751
1751
1752
4374
2091
2091
2091
2091
2091
1511
1511
1513
1511
1514
906
907
906
906
906
2091
2091
2091
2091
2091
1941
1941
1941
1941
1941
2426
2426
2426
2426
2426
1081
1081
1081
1081
1081
2756
2756
2756
2756
2758
4771
4771
4771
4771
4771
3001
3001
3001
3001
3001
1721
1721
1722
1721
1721
2766
2766
2766
2766
2766
4771
4771
4772
4772
4771
1721
1721
1721
1721
1721
1067
1066
1066
1066
1066
3001
3001
3001
3001
3001
3897
3897
3896
3896
3897
1266
1267
1266
1267
1268
2756
2756
2757
2756
2756
1856
1856
1856
1856
1856
4276
4276
4276
4276
4276
4276
4276
4276
4276
4276
926
926
926
927
926
4756
4756
4756
4756
4756
2426
2426
2426
2426
2426
4321
4323
4323
4323
4321
1721
1721
1721
1721
1721
2816
2816
2816
2816
2816
2091
2091
2091
2091
2092
1836
1836
1836
1838
1836
1512
1511
1511
1512
1513
210
210
210
210
210
2721
2721
2721
2721
2721
2766
2766
2766
2766
2766
2092
2091
2091
2091
2091
2756
2757
2758
2758
