980
980
980
981
980
241
662
660
610
663
660
505
507
505
506
230
231
230
231
231
420
421
421
420
421
930
934
930
930
934
231
232
230
232
232
192
192
190
191
190
230
231
231
230
234
420
420
421
421
424
980
980
981
980
980
385
420
420
421
421
463
463
463
560
563
771
770
772
771
771
577
577
577
577
576
625
628
625
625
387
571
571
570
570
572
563
560
560
560
561
87
241
86
87
87
561
560
560
561
561
230
232
232
231
231
980
980
980
980
981
505
715
505
505
87
694
690
691
691
690
625
629
625
629
626
505
507
509
506
982
231
230
230
231
230
387
385
385
387
385
505
507
505
505
505
980
980
980
980
980
66
66
66
65
66
420
421
421
420
421
577
575
575
575
575
82
800
801
800
800
571
570
572
571
570
726
725
725
725
726
560
563
561
563
560
190
190
190
190
192
37
37
35
35
39
717
715
575
717
575
87
88
85
86
88
231
231
232
232
230
726
461
726
462
462
625
626
626
625
625
561
560
560
563
563
575
576
576
577
575
521
695
695
696
695
663
663
663
660
663
625
625
629
628
980
85
86
89
85
85
870
870
870
870
870
577
575
577
575
575
421
421
421
420
420
575
577
575
575
576
231
232
232
230
230
87
87
85
86
85
85
85
86
89
87
980
980
980
980
980
630
630
630
630
630
421
420
421
420
421
421
420
420
421
421
770
836
772
772
770
421
420
420
422
421
230
231
231
230
231
441
442
440
441
440
563
385
625
625
626
87
87
87
88
85
725
981
983
980
980
261
263
263
260
260
462
560
563
463
462
630
630
630
420
630
595
595
597
596
595
956
955
956
955
955
232
981
980
980
981
505
507
505
505
509
570
570
570
570
570
505
506
505
560
505
661
663
660
660
660
230
231
231
230
230
560
560
560
561
561
560
561
561
560
564
625
625
628
629
625
388
385
330
334
330
970
972
971
970
970
510
510
662
510
510
575
577
577
575
576
422
424
420
420
420
420
420
421
420
421
770
770
770
771
771
509
505
505
506
505
230
232
231
231
230
770
770
770
771
770
611
88
87
87
87
231
231
231
231
230
506
507
505
507
505
657
655
655
655
655
420
420
420
420
420
940
980
980
941
980
725
725
726
725
726
191
190
192
190
191
726
726
725
725
726
680
630
680
680
680
420
420
420
421
420
560
560
560
561
560
231
230
230
230
230
575
578
576
577
575
629
629
625
440
629
770
771
770
771
39
575
575
578
577
575
87
87
89
85
87
421
420
421
420
421
420
421
420
421
421
86
87
87
85
85
805
934
931
930
930
743
741
740
740
743
265
267
265
265
265
630
630
88
630
631
463
635
505
461
505
560
560
560
561
561
577
578
577
577
575
630
630
633
630
630
662
660
663
660
662
462
460
462
460
920
855
855
856
855
856
630
872
631
634
630
0
1
241
0
0
726
727
726
726
726
388
388
385
385
387
421
420
420
421
421
625
625
625
629
625
230
231
231
231
231
192
192
190
192
191
420
420
422
421
421
86
85
85
88
87
507
505
507
507
505
230
231
231
230
230
505
505
509
428
509
387
387
386
387
387
575
575
577
577
575
231
231
232
231
231
241
242
241
240
241
765
765
765
765
766
421
66
65
67
66
196
196
195
720
195
660
663
660
662
663
575
630
630
630
630
625
625
626
625
561
560
563
563
563
560
572
571
571
570
571
263
625
85
629
263
628
626
625
625
296
230
232
231
232
232
505
462
505
509
726
575
575
577
577
577
440
440
440
440
441
241
241
240
240
240
593
594
594
590
591
980
980
662
980
981
726
725
726
726
726
232
230
231
231
231
505
505
505
505
505
575
578
575
577
577
88
88
85
85
85
232
231
230
232
231
629
629
625
980
629
231
232
230
232
231
610
610
611
610
611
309
86
88
87
85
610
612
610
610
610
41
40
40
40
40
506
505
505
230
505
87
86
88
89
88
700
704
703
700
702
231
231
230
231
230
250
251
250
250
250
230
231
231
231
230
1
0
0
1
4
560
560
563
560
561
462
462
461
726
462
87
88
85
86
85
561
563
561
561
560
564
881
880
884
880
420
424
421
420
423
40
40
662
660
662
612
610
611
610
610
625
625
625
625
625
662
662
662
662
660
981
980
980
231
980
231
230
230
230
230
422
420
424
420
420
563
560
560
560
561
725
726
725
725
726
571
571
571
571
571
232
230
232
232
230
415
415
415
415
415
505
629
507
505
505
575
575
575
577
575
625
626
626
625
625
421
420
421
421
421
200
200
200
201
202
