310
312
311
310
310
75
77
75
75
76
945
947
945
948
945
36
35
36
35
36
140
141
140
143
140
30
30
31
30
34
91
90
90
90
90
895
895
895
895
896
515
515
515
515
515
496
499
495
495
496
310
310
314
311
314
945
945
947
946
947
512
516
515
515
515
36
35
35
37
35
345
345
345
346
347
5
5
5
5
5
870
870
871
870
870
81
80
84
80
80
781
780
780
782
780
346
346
345
346
345
967
965
965
965
968
680
681
681
680
681
355
355
356
357
355
605
607
605
606
606
347
345
347
347
346
345
346
345
346
345
496
495
495
495
496
680
680
681
681
641
20
21
20
20
20
5
465
465
465
465
140
140
140
141
141
965
965
965
965
965
895
895
896
896
895
630
631
632
630
631
615
616
616
615
616
36
37
35
35
37
111
110
112
113
113
475
476
476
478
477
495
496
495
496
495
961
961
961
960
961
949
946
947
945
945
35
37
35
37
35
680
681
680
680
682
445
447
445
445
445
37
36
35
35
35
347
345
345
345
345
40
40
42
41
43
55
55
56
55
55
515
515
515
515
515
35
35
35
905
35
110
112
112
112
111
240
240
241
240
240
35
35
35
37
36
241
244
241
240
240
682
680
35
35
682
343
340
340
340
343
159
159
159
155
159
446
445
445
445
965
55
55
55
55
58
251
250
251
250
251
150
150
150
151
150
680
947
680
680
680
347
345
347
347
345
345
345
347
345
345
965
965
965
965
965
846
845
846
846
845
950
951
950
951
950
895
895
896
896
895
947
349
947
945
948
780
780
780
780
780
37
35
35
37
35
110
110
111
110
110
36
36
37
37
35
35
35
35
37
35
432
431
430
430
430
650
650
650
650
650
36
37
35
36
36
341
340
343
343
340
445
37
36
36
35
35
36
36
36
35
945
945
947
945
945
496
496
495
495
496
37
35
35
37
35
960
963
964
960
960
341
343
340
342
340
5
5
6
6
6
530
532
530
530
530
251
250
250
250
250
781
780
780
780
781
947
947
945
947
945
496
495
497
495
495
449
447
447
447
445
340
340
343
343
342
146
146
149
146
146
90
90
90
90
90
345
345
345
349
346
495
496
495
495
495
495
495
495
495
495
890
890
891
892
893
741
740
740
755
744
755
755
755
756
755
840
840
840
842
840
495
496
495
495
495
240
240
240
242
240
780
782
781
780
780
151
150
150
151
150
430
430
431
431
430
36
37
36
35
36
155
159
156
155
156
35
36
35
35
37
515
515
515
515
515
36
37
35
37
35
155
155
155
70
70
516
515
515
515
515
947
947
945
945
946
615
616
615
615
615
965
965
965
967
965
760
760
760
760
760
965
965
965
965
965
840
840
840
841
840
55
55
56
55
56
780
780
780
780
782
946
945
945
947
945
170
170
170
171
170
495
495
497
495
495
430
430
432
432
432
165
165
165
165
165
625
625
626
625
625
497
495
496
496
495
170
171
170
170
170
905
907
905
905
906
615
615
615
616
615
651
654
650
650
650
35
35
35
35
35
90
90
90
90
90
774
774
774
771
774
210
210
212
212
210
90
91
90
90
91
345
347
345
345
345
715
715
715
715
715
346
345
346
345
346
37
36
35
37
35
495
495
495
495
496
895
896
895
895
895
617
615
616
615
615
780
781
780
784
780
945
946
945
946
948
110
110
110
111
110
496
495
496
495
497
276
275
275
276
275
825
155
155
156
155
495
496
496
496
496
585
587
587
587
585
947
945
945
945
947
345
947
948
948
945
5
5
5
5
5
798
795
795
797
345
35
37
36
35
35
37
35
36
36
38
781
495
781
780
780
35
35
37
36
755
35
35
37
35
35
950
950
953
950
950
905
905
905
905
905
36
35
38
35
35
35
36
35
36
37
895
895
895
895
895
80
81
80
80
82
291
290
290
290
290
143
140
140
140
140
35
35
36
35
35
345
345
345
346
347
940
940
940
940
940
55
56
55
56
56
80
80
80
80
80
755
755
756
755
755
607
605
605
605
605
965
967
965
965
967
470
470
471
470
470
35
35
35
36
35
140
140
140
143
143
110
110
110
112
111
495
495
495
495
495
35
35
37
37
37
947
945
946
947
945
449
449
445
447
445
55
56
55
56
55
960
960
960
960
960
110
110
111
110
112
780
780
782
780
780
346
345
345
345
345
36
36
36
35
36
250
535
536
535
535
35
35
35
37
35
960
961
961
961
960
495
495
495
495
495
940
940
940
940
940
36
35
38
35
36
365
365
367
365
365
36
36
35
36
35
